[24480.913188] [Project1] 1101 1588325100.419833992 1588325101.182099452
[24482.456919] [Project1] 1102 1588325101.978228324 1588325102.725862005
[24483.988175] [Project1] 1103 1588325103.501053393 1588325104.257123982
[24485.573910] [Project1] 1104 1588325105.026729145 1588325105.842884481
[24487.245243] [Project1] 1105 1588325106.721834689 1588325107.514231193
[24488.819256] [Project1] 1106 1588325108.301737105 1588325109.088267134
[24490.427730] [Project1] 1107 1588325109.902436793 1588325110.696697775
[24491.924380] [Project1] 1108 1588325111.449714374 1588325112.193428787
[24493.523650] [Project1] 1112 1588325112.942930411 1588325113.792698688
[24495.102985] [Project1] 1113 1588325114.605558329 1588325115.372036257
